2025-04-13 13:57:15.887658 - Received CBT.V508.FILE119.PDS from FILE119.XMI 
2025-04-13 13:57:15.891061 - Found $$$#DATE.txt (text/plain) in CBT.V508.FILE119.PDS, moved to PDS/$$$#DATE
2025-04-13 13:57:15.891139 - Found $$DOC.txt (text/plain) in CBT.V508.FILE119.PDS, moved to PDS/$$DOC
2025-04-13 13:57:15.891198 - Found $$NOTE01.txt (text/plain) in CBT.V508.FILE119.PDS, moved to PDS/$$NOTE01
2025-04-13 13:57:15.891254 - Found $$NOTE02.txt (text/plain) in CBT.V508.FILE119.PDS, moved to PDS/$$NOTE02
2025-04-13 13:57:15.891310 - Found $$NOTE03.txt (text/plain) in CBT.V508.FILE119.PDS, moved to PDS/$$NOTE03
2025-04-13 13:57:15.891365 - Found $$NOTE04.txt (text/plain) in CBT.V508.FILE119.PDS, moved to PDS/$$NOTE04
2025-04-13 13:57:15.891423 - Found $INDEX.txt (text/plain) in CBT.V508.FILE119.PDS, moved to PDS/$INDEX
2025-04-13 13:57:15.891488 - Found @FILE119.txt (text/plain) in CBT.V508.FILE119.PDS, moved to PDS/@FILE119
2025-04-13 13:57:15.891543 - Found APUT.txt (text/plain) in CBT.V508.FILE119.PDS, moved to PDS/APUT
2025-04-13 13:57:15.891596 - Found ASHELP.txt (text/plain) in CBT.V508.FILE119.PDS, moved to PDS/ASHELP
2025-04-13 13:57:15.891675 - Found ASID.txt (text/plain) in CBT.V508.FILE119.PDS, moved to PDS/ASID
2025-04-13 13:57:15.891731 - Found B.txt (text/plain) in CBT.V508.FILE119.PDS, moved to PDS/B
2025-04-13 13:57:15.891785 - Found CALL#.txt (text/plain) in CBT.V508.FILE119.PDS, moved to PDS/CALL#
2025-04-13 13:57:15.891837 - Found CLRHELP.txt (text/plain) in CBT.V508.FILE119.PDS, moved to PDS/CLRHELP
2025-04-13 13:57:15.891895 - Found CLR3270.jcl (text/plain) in CBT.V508.FILE119.PDS, moved to PDS/CLR3270
2025-04-13 13:57:15.891959 - Found CLR3270A.txt (text/plain) in CBT.V508.FILE119.PDS, moved to PDS/CLR3270A
2025-04-13 13:57:15.892018 - Found CLR3270B.jcl (text/plain) in CBT.V508.FILE119.PDS, moved to PDS/CLR3270B
2025-04-13 13:57:15.892072 - Found CLR3270Z.txt (text/plain) in CBT.V508.FILE119.PDS, moved to PDS/CLR3270Z
2025-04-13 13:57:15.892127 - Found CPPL.txt (text/plain) in CBT.V508.FILE119.PDS, moved to PDS/CPPL
2025-04-13 13:57:15.892181 - Found CSPL.txt (text/plain) in CBT.V508.FILE119.PDS, moved to PDS/CSPL
2025-04-13 13:57:15.892235 - Found DATA#.txt (text/plain) in CBT.V508.FILE119.PDS, moved to PDS/DATA#
2025-04-13 13:57:15.892291 - Found DO.txt (text/plain) in CBT.V508.FILE119.PDS, moved to PDS/DO
2025-04-13 13:57:15.892345 - Found DOWHILE.txt (text/plain) in CBT.V508.FILE119.PDS, moved to PDS/DOWHILE
2025-04-13 13:57:15.892398 - Found DOWHLOR.txt (text/plain) in CBT.V508.FILE119.PDS, moved to PDS/DOWHLOR
2025-04-13 13:57:15.892452 - Found DYNAJOB.txt (text/plain) in CBT.V508.FILE119.PDS, moved to PDS/DYNAJOB
2025-04-13 13:57:15.892505 - Found DYNANAME.txt (text/plain) in CBT.V508.FILE119.PDS, moved to PDS/DYNANAME
2025-04-13 13:57:15.892561 - Found E.txt (text/plain) in CBT.V508.FILE119.PDS, moved to PDS/E
2025-04-13 13:57:15.892614 - Found ELSE.txt (text/plain) in CBT.V508.FILE119.PDS, moved to PDS/ELSE
2025-04-13 13:57:15.892666 - Found END#.txt (text/plain) in CBT.V508.FILE119.PDS, moved to PDS/END#
2025-04-13 13:57:15.892719 - Found ENDDATA#.txt (text/plain) in CBT.V508.FILE119.PDS, moved to PDS/ENDDATA#
2025-04-13 13:57:15.892771 - Found ENDDO.txt (text/plain) in CBT.V508.FILE119.PDS, moved to PDS/ENDDO
2025-04-13 13:57:15.892826 - Found ENDIF.txt (text/plain) in CBT.V508.FILE119.PDS, moved to PDS/ENDIF
2025-04-13 13:57:15.892880 - Found ENTRE#.txt (text/plain) in CBT.V508.FILE119.PDS, moved to PDS/ENTRE#
2025-04-13 13:57:15.892937 - Found EOJ.txt (text/plain) in CBT.V508.FILE119.PDS, moved to PDS/EOJ
2025-04-13 13:57:15.892995 - Found EPUTL.txt (text/plain) in CBT.V508.FILE119.PDS, moved to PDS/EPUTL
2025-04-13 13:57:15.893049 - Found EPUTL$.jcl (text/plain) in CBT.V508.FILE119.PDS, moved to PDS/EPUTL$
2025-04-13 13:57:15.893108 - Found EPUTL01.txt (text/plain) in CBT.V508.FILE119.PDS, moved to PDS/EPUTL01
2025-04-13 13:57:15.893167 - Found EPUTL02.txt (text/plain) in CBT.V508.FILE119.PDS, moved to PDS/EPUTL02
2025-04-13 13:57:15.893224 - Found EXIT#.txt (text/plain) in CBT.V508.FILE119.PDS, moved to PDS/EXIT#
2025-04-13 13:57:15.893289 - Found GENC.txt (text/plain) in CBT.V508.FILE119.PDS, moved to PDS/GENC
2025-04-13 13:57:15.893353 - Found HMDCHRON.txt (text/plain) in CBT.V508.FILE119.PDS, moved to PDS/HMDCHRON
2025-04-13 13:57:15.893410 - Found HTIME.txt (text/plain) in CBT.V508.FILE119.PDS, moved to PDS/HTIME
2025-04-13 13:57:15.893492 - Found IEFDB401.txt (text/plain) in CBT.V508.FILE119.PDS, moved to PDS/IEFDB401
2025-04-13 13:57:15.893547 - Found IEXIT#.txt (text/plain) in CBT.V508.FILE119.PDS, moved to PDS/IEXIT#
2025-04-13 13:57:15.893607 - Found IF.txt (text/plain) in CBT.V508.FILE119.PDS, moved to PDS/IF
2025-04-13 13:57:15.893660 - Found IFOR.txt (text/plain) in CBT.V508.FILE119.PDS, moved to PDS/IFOR
2025-04-13 13:57:15.893722 - Found INIT#.txt (text/plain) in CBT.V508.FILE119.PDS, moved to PDS/INIT#
2025-04-13 13:57:15.893778 - Found INUSE.txt (text/plain) in CBT.V508.FILE119.PDS, moved to PDS/INUSE
2025-04-13 13:57:15.893831 - Found IOPL.txt (text/plain) in CBT.V508.FILE119.PDS, moved to PDS/IOPL
2025-04-13 13:57:15.893896 - Found JESUX006.txt (text/plain) in CBT.V508.FILE119.PDS, moved to PDS/JESUX006
2025-04-13 13:57:15.893951 - Found JOBNAME.txt (text/plain) in CBT.V508.FILE119.PDS, moved to PDS/JOBNAME
2025-04-13 13:57:15.894005 - Found JULDATE.txt (text/plain) in CBT.V508.FILE119.PDS, moved to PDS/JULDATE
2025-04-13 13:57:15.894067 - Found JULGREG.txt (text/plain) in CBT.V508.FILE119.PDS, moved to PDS/JULGREG
2025-04-13 13:57:15.894137 - Found LDROP.txt (text/plain) in CBT.V508.FILE119.PDS, moved to PDS/LDROP
2025-04-13 13:57:15.894193 - Found LM00038.jcl (text/plain) in CBT.V508.FILE119.PDS, moved to PDS/LM00038
2025-04-13 13:57:15.894247 - Found LM00039.jcl (text/plain) in CBT.V508.FILE119.PDS, moved to PDS/LM00039
2025-04-13 13:57:15.894299 - Found LUSE.txt (text/plain) in CBT.V508.FILE119.PDS, moved to PDS/LUSE
2025-04-13 13:57:15.894355 - Found MAKEDAY.txt (text/plain) in CBT.V508.FILE119.PDS, moved to PDS/MAKEDAY
2025-04-13 13:57:15.894408 - Found PDFHELP.txt (text/plain) in CBT.V508.FILE119.PDS, moved to PDS/PDFHELP
2025-04-13 13:57:15.894512 - Found PDFINIT.txt (text/plain) in CBT.V508.FILE119.PDS, moved to PDS/PDFINIT
2025-04-13 13:57:15.894567 - Found REGS.txt (text/plain) in CBT.V508.FILE119.PDS, moved to PDS/REGS
2025-04-13 13:57:15.894624 - Found SEQCK.txt (text/plain) in CBT.V508.FILE119.PDS, moved to PDS/SEQCK
2025-04-13 13:57:15.894688 - Found SETREG.txt (text/plain) in CBT.V508.FILE119.PDS, moved to PDS/SETREG
2025-04-13 13:57:15.894766 - Found SM.jcl (text/plain) in CBT.V508.FILE119.PDS, moved to PDS/SM
2025-04-13 13:57:15.894825 - Found STCADOC.txt (text/plain) in CBT.V508.FILE119.PDS, moved to PDS/STCADOC
2025-04-13 13:57:15.894882 - Found TSOENTEO.txt (text/plain) in CBT.V508.FILE119.PDS, moved to PDS/TSOENTEO
2025-04-13 13:57:15.894938 - Found TSOENTER.txt (text/plain) in CBT.V508.FILE119.PDS, moved to PDS/TSOENTER
2025-04-13 13:57:15.894993 - Found TSOLEAVE.txt (text/plain) in CBT.V508.FILE119.PDS, moved to PDS/TSOLEAVE
2025-04-13 13:57:15.895047 - Found TSOLEAVO.txt (text/plain) in CBT.V508.FILE119.PDS, moved to PDS/TSOLEAVO
2025-04-13 13:57:15.895108 - Found UNITDOC.txt (text/plain) in CBT.V508.FILE119.PDS, moved to PDS/UNITDOC
2025-04-13 13:57:15.895164 - Found UNTIL.txt (text/plain) in CBT.V508.FILE119.PDS, moved to PDS/UNTIL
2025-04-13 13:57:15.895217 - Found UNTILOR.txt (text/plain) in CBT.V508.FILE119.PDS, moved to PDS/UNTILOR
2025-04-13 13:57:15.895271 - Found XABSM.txt (text/plain) in CBT.V508.FILE119.PDS, moved to PDS/XABSM
2025-04-13 13:57:15.895329 - Found XFERDOC.txt (text/plain) in CBT.V508.FILE119.PDS, moved to PDS/XFERDOC
2025-04-13 13:57:15.895384 - Found XFERINST.txt (text/plain) in CBT.V508.FILE119.PDS, moved to PDS/XFERINST
2025-04-13 13:57:15.895439 - Found XFERJOB.jcl (text/plain) in CBT.V508.FILE119.PDS, moved to PDS/XFERJOB
2025-04-13 13:57:15.895493 - Found XFERUTIL.txt (text/plain) in CBT.V508.FILE119.PDS, moved to PDS/XFERUTIL
2025-04-13 13:57:15.895550 - Found XFERVOL.txt (text/plain) in CBT.V508.FILE119.PDS, moved to PDS/XFERVOL
2025-04-13 13:57:15.895605 - Found XFERWTO.txt (text/plain) in CBT.V508.FILE119.PDS, moved to PDS/XFERWTO
2025-04-13 13:57:15.895664 - Found XFER1.txt (text/plain) in CBT.V508.FILE119.PDS, moved to PDS/XFER1
2025-04-13 13:57:15.895718 - Found XFER2.txt (text/plain) in CBT.V508.FILE119.PDS, moved to PDS/XFER2
2025-04-13 13:57:15.895774 - Found XIX.txt (text/plain) in CBT.V508.FILE119.PDS, moved to PDS/XIX
2025-04-13 13:57:15.895827 - Found XIXHELP.txt (text/plain) in CBT.V508.FILE119.PDS, moved to PDS/XIXHELP
2025-04-13 13:57:15.895880 - Found X1.txt (text/plain) in CBT.V508.FILE119.PDS, moved to PDS/X1
